0 961779296 961779296
1 32395904 994175200
2 33150592 1027325792
3 32838304 1060164096
4 33352000 1093516096
5 32402144 1125918240
6 32349312 1158267552
7 32914944 1191182496
8 32274464 1223456960
9 31886016 1255342976
10 33189760 1288532736
11 32737408 1321270144
12 31904192 1353174336
13 31873952 1385048288
14 31357344 1416405632
15 34949408 1451355040
16 32007968 1483363008
17 32176064 1515539072
18 35954848 1551493920
19 32109152 1583603072
20 32935680 1616538752
21 33702144 1650240896
22 34044800 1684285696
23 31970784 1716256480
24 32272544 1748529024
25 34070496 1782599520
26 33743264 1816342784
27 32679008 1849021792
28 32602496 1881624288
29 30951456 1912575744
30 31653440 1944229184
31 30988000 1975217184
32 29941120 2005158304
33 30713376 2035871680
34 31464288 2067335968
35 29887200 2097223168
36 29898080 2127121248
37 42449824 2169571072
38 36995264 2206566336
39 35786752 2242353088
40 34503648 2276856736
41 34582528 2311439264
42 35857696 2347296960
43 37206944 2384503904
44 38301184 2422805088
45 37102784 2459907872
46 39271232 2499179104
47 39771968 2538951072
48 40234624 2579185696
49 40905504 2620091200
50 42172736 2662263936
51 41688960 2703952896
52 40380160 2744333056
53 41169568 2785502624
54 40664160 2826166784
55 39058272 2865225056
56 38875936 2904100992
57 40311008 2944412000
58 38935232 2983347232
59 40253760 3023600992
60 41466304 3065067296
61 39316544 3104383840
62 39376096 3143759936
63 40333152 3184093088
64 40431264 3224524352
65 41128032 3265652384
66 39594624 3305247008
67 40290720 3345537728
68 42646560 3388184288
69 43242240 3431426528
70 41180832 3472607360
71 40914144 3513521504
72 41662912 3555184416
73 42698816 3597883232
74 41340736 3639223968
75 41327840 3680551808
76 41109120 3721660928
77 42145440 3763806368
78 41308928 3805115296
79 40948800 3846064096
80 41229856 3887293952
81 43272288 3930566240
82 44080800 3974647040
83 41391776 4016038816
84 43179040 4059217856
85 41526624 4100744480
86 41686304 4142430784
87 41341920 4183772704
88 43772256 4227544960
89 43933728 4271478688
90 40890144 4312368832
91 41318496 4353687328
92 42822016 4396509344
93 41241984 4437751328
94 43724160 4481475488
95 42293888 4523769376
96 42385728 4566155104
97 41876096 4608031200
98 40881376 4648912576
99 40754432 4689667008
100 42534944 4732201952
101 40736800 4772938752
102 41250944 4814189696
103 41600864 4855790560
104 41227712 4897018272
105 41043840 4938062112
106 41171488 4979233600
107 42075616 5021309216
108 41258656 5062567872
109 40754688 5103322560
110 41627712 5144950272
111 41613664 5186563936
112 42714272 5229278208
113 39978048 5269256256
114 41313984 5310570240
115 40460352 5351030592
116 43274720 5394305312
117 40195520 5434500832
118 42171840 5476672672
119 44255424 5520928096
120 41201376 5562129472
121 41001920 5603131392
122 41077184 5644208576
123 41501824 5685710400
124 41266432 5726976832
125 40925664 5767902496
126 41435648 5809338144
127 44710976 5854049120
128 42014176 5896063296
129 41334112 5937397408
130 41669824 5979067232
131 39958528 6019025760
132 41879424 6060905184
133 42290016 6103195200
134 41058560 6144253760
135 41237696 6185491456
136 41597888 6227089344
137 40946432 6268035776
138 41518624 6309554400
139 40921696 6350476096
140 42021024 6392497120
141 41300192 6433797312
142 42121472 6475918784
143 42298272 6518217056
144 42591872 6560808928
145 42460160 6603269088
146 41131200 6644400288
147 41971264 6686371552
148 41532128 6727903680
149 41917728 6769821408
150 42314016 6812135424
151 41827200 6853962624
152 41066656 6895029280
153 40129664 6935158944
154 42527200 6977686144
155 40759744 7018445888
156 41030560 7059476448
157 42431584 7101908032
158 40593856 7142501888
159 41204608 7183706496
160 40629728 7224336224
161 40987520 7265323744
162 40915968 7306239712
163 39817088 7346056800
164 40767520 7386824320
165 41732320 7428556640
166 41771200 7470327840
167 41013568 7511341408
168 41600896 7552942304
169 43159296 7596101600
170 42040192 7638141792
171 41273696 7679415488
172 41286144 7720701632
173 40939616 7761641248
174 40861184 7802502432
175 40774016 7843276448
176 41023968 7884300416
177 43590240 7927890656
178 42176768 7970067424
179 40562080 8010629504
180 41372224 8052001728
181 41715808 8093717536
182 41066656 8134784192
183 41412416 8176196608
184 41575424 8217772032
185 41211872 8258983904
186 42435072 8301418976
187 44553504 8345972480
188 41566400 8387538880
189 41981344 8429520224
190 41666144 8471186368
191 40648352 8511834720
192 42744512 8554579232
193 41689824 8596269056
194 40457312 8636726368
195 41446272 8678172640
196 42778432 8720951072
197 40553600 8761504672
198 39957888 8801462560
199 42158560 8843621120
200 41555552 8885176672
201 41640288 8926816960
202 40837664 8967654624
203 41513152 9009167776
204 40741568 9049909344
205 42393440 9092302784
206 40378784 9132681568
207 41129472 9173811040
208 41181728 9214992768
209 40354368 9255347136
210 41771200 9297118336
211 41020992 9338139328
212 40369312 9378508640
213 40592256 9419100896
214 42680416 9461781312
215 42806144 9504587456
216 42317888 9546905344
217 43102304 9590007648
218 40684000 9630691648
219 41022848 9671714496
220 41883200 9713597696
221 42416608 9756014304
222 41098048 9797112352
223 42783072 9839895424
224 40751552 9880646976
225 41585824 9922232800
226 40938432 9963171232
227 42520000 10005691232
228 42032896 10047724128
229 41186336 10088910464
230 43272832 10132183296
231 41240480 10173423776
232 40752896 10214176672
233 41757376 10255934048
234 41072576 10297006624
235 40937568 10337944192
236 41588416 10379532608
237 41042240 10420574848
238 40826912 10461401760
239 40454400 10501856160
240 40976800 10542832960
241 41717440 10584550400
242 41127392 10625677792
243 40961216 10666639008
244 41870848 10708509856
245 42497856 10751007712
246 43540192 10794547904
247 41483296 10836031200
248 41613824 10877645024
249 40506912 10918151936
250 40774304 10958926240
251 41824416 11000750656
252 41901376 11042652032
253 41156416 11083808448
254 41319936 11125128384
255 41121696 11166250080
256 40960992 11207211072
257 43198944 11250410016
258 41689280 11292099296
259 43681248 11335780544
260 41508224 11377288768
261 42371328 11419660096
262 41560064 11461220160
263 40514400 11501734560
264 40195424 11541929984
265 41086560 11583016544
266 41938208 11624954752
267 42626784 11667581536
268 42181696 11709763232
269 42160736 11751923968
270 41721472 11793645440
271 40960640 11834606080
272 40747584 11875353664
273 40156160 11915509824
274 42158272 11957668096
275 40978240 11998646336
276 41818464 12040464800
277 42560960 12083025760
278 41525408 12124551168
279 41120288 12165671456
280 41360800 12207032256
281 41191680 12248223936
282 42151712 12290375648
283 41318272 12331693920
284 41736192 12373430112
285 40240832 12413670944
286 42019904 12455690848
287 42107936 12497798784
288 41394432 12539193216
289 42577248 12581770464
290 43056512 12624826976
291 42741728 12667568704
292 42217568 12709786272
293 41516288 12751302560
294 40123264 12791425824
295 41875616 12833301440
296 40001056 12873302496
297 39902144 12913204640
298 41366240 12954570880
299 41132416 12995703296
300 40202752 13035906048
301 40978592 13076884640
302 41196416 13118081056
303 40005120 13158086176
304 45246016 13203332192
305 41473696 13244805888
306 41381408 13286187296
307 41740896 13327928192
308 41031680 13368959872
309 40352704 13409312576
310 41591808 13450904384
311 41643680 13492548064
312 40890048 13533438112
313 41691392 13575129504
314 40380384 13615509888
315 41183008 13656692896
316 43850208 13700543104
317 44771776 13745314880
318 40631296 13785946176
319 40286880 13826233056
320 41521824 13867754880
321 41788192 13909543072
322 42665600 13952208672
323 41331872 13993540544
324 40256672 14033797216
325 40487712 14074284928
326 41362496 14115647424
327 42593856 14158241280
328 40921056 14199162336
329 40168896 14239331232
330 41226528 14280557760
331 40008000 14320565760
332 41721856 14362287616
333 39796960 14402084576
334 41949312 14444033888
335 41650304 14485684192
336 41545184 14527229376
337 42396352 14569625728
338 42736928 14612362656
339 42073248 14654435904
340 41767104 14696203008
341 40596992 14736800000
342 39912608 14776712608
343 41856864 14818569472
344 42384736 14860954208
345 40765440 14901719648
346 40261536 14941981184
347 42205056 14984186240
348 40618304 15024804544
349 41525632 15066330176
350 41734720 15108064896
351 40957952 15149022848
352 40982464 15190005312
353 40056128 15230061440
354 41131072 15271192512
355 42267488 15313460000
356 42982784 15356442784
357 41090176 15397532960
358 40706208 15438239168
359 40304160 15478543328
360 40898944 15519442272
361 43597824 15563040096
362 42492608 15605532704
363 40408640 15645941344
364 46346432 15692287776
365 40718240 15733006016
366 40473504 15773479520
367 40778048 15814257568
368 40461472 15854719040
369 41732352 15896451392
370 43247328 15939698720
371 40788480 15980487200
372 42343040 16022830240
373 43637824 16066468064
374 41271200 16107739264
375 41009280 16148748544
376 42001472 16190750016
377 42085632 16232835648
378 41035712 16273871360
379 41042848 16314914208
380 39977664 16354891872
381 42310752 16397202624
382 42963040 16440165664
383 40975520 16481141184
384 41202688 16522343872
385 42770752 16565114624
386 40549280 16605663904
387 46431456 16652095360
388 41108896 16693204256
389 41941056 16735145312
390 41354304 16776499616
391 40784320 16817283936
392 41221632 16858505568
393 40965760 16899471328
394 42526432 16941997760
395 42502592 16984500352
396 42081536 17026581888
397 43454720 17070036608
398 41421312 17111457920
399 42791648 17154249568
400 43200352 17197449920
401 41947680 17239397600
402 43045280 17282442880
403 42399104 17324841984
404 41396320 17366238304
405 41145184 17407383488
406 42388736 17449772224
407 41879840 17491652064
408 41039712 17532691776
409 44730144 17577421920
410 41104416 17618526336
411 41134944 17659661280
412 42376352 17702037632
413 40993664 17743031296
414 41100608 17784131904
415 41971008 17826102912
416 40677632 17866780544
417 41711616 17908492160
418 41364512 17949856672
419 41141184 17990997856
420 41027264 18032025120
421 41368480 18073393600
422 41851104 18115244704
423 44344256 18159588960
424 41611456 18201200416
425 40204064 18241404480
426 40845952 18282250432
427 40959488 18323209920
428 40654048 18363863968
429 41020544 18404884512
430 41410528 18446295040
431 40477376 18486772416
432 40723616 18527496032
433 40841408 18568337440
434 42679712 18611017152
435 41031840 18652048992
436 43680064 18695729056
437 41493056 18737222112
438 40715392 18777937504
439 40314592 18818252096
440 42079968 18860332064
441 42050176 18902382240
442 41741728 18944123968
443 40987776 18985111744
444 41322112 19026433856
445 42208064 19068641920
446 43156672 19111798592
447 41538304 19153336896
448 41757280 19195094176
449 40498944 19235593120
450 42390400 19277983520
451 40618816 19318602336
452 41123392 19359725728
453 40442144 19400167872
454 40749216 19440917088
455 40405056 19481322144
456 40578848 19521900992
457 40630720 19562531712
458 42716416 19605248128
459 42230464 19647478592
460 43778560 19691257152
461 40851776 19732108928
462 43336896 19775445824
463 40295072 19815740896
464 40176992 19855917888
465 41191040 19897108928
466 41486368 19938595296
467 41520256 19980115552
468 42012160 20022127712
469 41796544 20063924256
470 41262624 20105186880
471 41688864 20146875744
472 44572064 20191447808
473 41619328 20233067136
474 40235968 20273303104
475 40921312 20314224416
476 41578560 20355802976
477 40471008 20396273984
478 42288640 20438562624
479 42594592 20481157216
480 42056640 20523213856
481 41110336 20564324192
482 42220288 20606544480
483 40839808 20647384288
484 42847168 20690231456
485 41556288 20731787744
486 42318048 20774105792
487 41130400 20815236192
488 40149536 20855385728
489 40533472 20895919200
490 40805376 20936724576
491 41407616 20978132192
492 41298656 21019430848
493 41591264 21061022112
494 40214112 21101236224
495 43012800 21144249024
496 41930336 21186179360
497 40752768 21226932128
498 41351328 21268283456
499 41456224 21309739680
500 43380224 21353119904
501 41583200 21394703104
502 41113792 21435816896
503 42326848 21478143744
504 42675104 21520818848
505 41527872 21562346720
506 41423072 21603769792
507 41218368 21644988160
508 42886816 21687874976
509 41895040 21729770016
510 41930912 21771700928
511 43910848 21815611776
512 42245440 21857857216
513 40625376 21898482592
514 41347232 21939829824
515 41467904 21981297728
516 42778208 22024075936
517 43605600 22067681536
518 40133856 22107815392
519 43668800 22151484192
520 42488000 22193972192
521 43508192 22237480384
522 41018528 22278498912
523 42178016 22320676928
524 40696896 22361373824
525 41750880 22403124704
526 42511744 22445636448
527 41343520 22486979968
528 42692064 22529672032
529 41783936 22571455968
530 40443584 22611899552
531 42595424 22654494976
532 45138432 22699633408
533 42727456 22742360864
534 41775968 22784136832
535 41282944 22825419776
536 39942784 22865362560
537 41335712 22906698272
538 41228352 22947926624
539 41315392 22989242016
540 41513024 23030755040
541 41284000 23072039040
542 42846176 23114885216