0 67321088 67321088
1 14109216 81430304
2 13999840 95430144
3 15643680 111073824
4 13481280 124555104
5 13511008 138066112
6 13585792 151651904
7 14000064 165651968
8 14106944 179758912
9 13419520 193178432
10 13769504 206947936
11 13952960 220900896
12 14445984 235346880
13 14468992 249815872
14 14195712 264011584
15 14192800 278204384
16 13730432 291934816
17 13165184 305100000
18 13700000 318800000
19 14596288 333396288
20 14027552 347423840
21 14107680 361531520
22 13546304 375077824
23 13073920 388151744
24 13811680 401963424
25 14021600 415985024
26 13755808 429740832
27 13554208 443295040
28 13561376 456856416
29 13401440 470257856
30 13596032 483853888
31 13716032 497569920
32 13639392 511209312
33 14311136 525520448
34 13929312 539449760
35 13448960 552898720
36 14622784 567521504
37 13248384 580769888
38 13616512 594386400
39 13978528 608364928
40 13974400 622339328
41 14115840 636455168
42 13260768 649715936
43 14047296 663763232
44 4594208 668357440
45 4666432 673023872
46 4559648 677583520
47 4388576 681972096
48 5100576 687072672
49 4352928 691425600
50 4867456 696293056
51 4334400 700627456
52 5048864 705676320
53 4373440 710049760
54 4550304 714600064
55 4408896 719008960
56 4500896 723509856
57 4723904 728233760
58 5013728 733247488
59 4830848 738078336
60 4847552 742925888
61 5119296 748045184
62 4556032 752601216
63 4832960 757434176
64 5081888 762516064
65 4439904 766955968
66 4708832 771664800
67 4395040 776059840
68 4922048 780981888
69 4266688 785248576
70 5223616 790472192
71 4447872 794920064
72 5113376 800033440
73 4966656 805000096
74 3955360 808955456
75 4923808 813879264
76 4302624 818181888
77 5004192 823186080
78 4517664 827703744
79 4952800 832656544
80 4453600 837110144
81 4303776 841413920
82 4756832 846170752
83 4606240 850776992
84 4613088 855390080
85 4524960 859915040
86 4585696 864500736
87 4455136 868955872
88 5252384 874208256
89 4735136 878943392
90 5103488 884046880
91 4552800 888599680
92 5330048 893929728
93 5319008 899248736
94 4539968 903788704
95 5069472 908858176
96 4223808 913081984
97 5909216 918991200
98 4402656 923393856
99 5789504 929183360
100 4517376 933700736
101 5091232 938791968
102 4656000 943447968
103 4550656 947998624
104 4576864 952575488
105 4596384 957171872
106 4959968 962131840
107 4474368 966606208
108 4787872 971394080
109 4240864 975634944
110 4641056 980276000
111 4321184 984597184
112 4703104 989300288
113 4546592 993846880
114 4564512 998411392
115 4216928 1002628320
116 4994400 1007622720
117 4812224 1012434944
118 5023360 1017458304
119 4593600 1022051904
120 4954464 1027006368
121 4437920 1031444288
122 5123424 1036567712
123 4698720 1041266432
124 4807200 1046073632
125 4573440 1050647072
126 4476384 1055123456
127 4421280 1059544736
128 4774400 1064319136
129 4467232 1068786368
130 4382592 1073168960
131 4812128 1077981088
132 4917888 1082898976
133 4655904 1087554880
134 5062272 1092617152
135 4668896 1097286048
136 5001376 1102287424
137 4544064 1106831488
138 4599296 1111430784
139 4432992 1115863776
140 4521440 1120385216
141 4595776 1124980992
142 4056608 1129037600
143 4315104 1133352704
144 4078528 1137431232
145 4358784 1141790016
146 4575488 1146365504
147 4560160 1150925664
148 4659136 1155584800
149 4089952 1159674752
150 4672576 1164347328
151 4030848 1168378176
152 4502624 1172880800
153 4115104 1176995904
154 4339584 1181335488
155 4495680 1185831168
156 4496832 1190328000
157 5048736 1195376736
158 4423168 1199799904
159 4392640 1204192544
160 4219840 1208412384
161 4357792 1212770176
162 4298784 1217068960
163 4209696 1221278656
164 4346848 1225625504
165 4106848 1229732352
166 4478240 1234210592
167 4252960 1238463552
168 4243488 1242707040
169 4006848 1246713888
170 4142304 1250856192
171 4231648 1255087840
172 4206688 1259294528
173 4224544 1263519072
174 4392384 1267911456
175 4272128 1272183584
176 4380608 1276564192
177 4017344 1280581536
178 4180480 1284762016
179 4049088 1288811104
180 4146912 1292958016
181 3972608 1296930624
182 4433952 1301364576
183 4059424 1305424000
184 5505056 1310929056
185 4029152 1314958208
186 4781760 1319739968
187 4042304 1323782272
188 4738496 1328520768
189 4157120 1332677888
190 4762528 1337440416
191 4366464 1341806880
192 4465760 1346272640
193 4409248 1350681888
194 4341888 1355023776
195 4356192 1359379968
196 4592672 1363972640
197 4773120 1368745760
198 4660224 1373405984
199 4592864 1377998848
200 4381600 1382380448
201 4538816 1386919264
202 4619648 1391538912
203 4603456 1396142368
204 4561472 1400703840
205 4694720 1405398560
206 4811488 1410210048
207 4468352 1414678400
208 4675360 1419353760
209 4441152 1423794912
210 4480800 1428275712
211 4643808 1432919520
212 4625984 1437545504
213 4419392 1441964896
214 4823136 1446788032
215 4539872 1451327904
216 4673664 1456001568
217 4720384 1460721952
218 4970272 1465692224
219 4378304 1470070528
220 5057472 1475128000
221 4688640 1479816640
222 5061216 1484877856
223 4508544 1489386400
224 4586240 1493972640
225 4419392 1498392032
226 4913088 1503305120
227 4452608 1507757728
228 4940576 1512698304
229 4449536 1517147840
230 4449088 1521596928
231 4414592 1526011520
232 4459744 1530471264
233 4385280 1534856544
234 4150176 1539006720
235 4367040 1543373760
236 4215392 1547589152
237 4362688 1551951840
238 4209344 1556161184
239 4391808 1560552992
240 4245408 1564798400
241 4431520 1569229920
242 4369888 1573599808
243 4418912 1578018720
244 4133632 1582152352
245 4804512 1586956864
246 4682848 1591639712
247 4516704 1596156416
248 4874624 1601031040
249 4595264 1605626304
250 4498880 1610125184
251 4450080 1614575264
252 4558368 1619133632
253 5331968 1624465600
254 4728768 1629194368
255 5124512 1634318880
256 4692224 1639011104
257 4926048 1643937152
258 4473152 1648410304
259 4536608 1652946912
260 4474816 1657421728
261 4823424 1662245152
262 4598528 1666843680
263 4901984 1671745664
264 4563136 1676308800
265 4883008 1681191808
266 4563520 1685755328
267 4552512 1690307840
268 4425216 1694733056
269 4681312 1699414368
270 4701024 1704115392
271 4583616 1708699008
272 4501536 1713200544
273 4960000 1718160544
274 4480608 1722641152
275 4812192 1727453344
276 4574464 1732027808
277 4744896 1736772704
278 4508320 1741281024
279 4961216 1746242240
280 4674400 1750916640
281 4704192 1755620832
282 4301760 1759922592
283 4748352 1764670944
284 4394528 1769065472
285 4723456 1773788928
286 4376768 1778165696
287 4651104 1782816800
288 4370976 1787187776
289 4580000 1791767776
290 4407264 1796175040
291 4632352 1800807392
292 4302208 1805109600
293 4677696 1809787296
294 4319808 1814107104
295 4653408 1818760512
296 4304704 1823065216
297 4629280 1827694496
298 4463040 1832157536
299 4539872 1836697408
300 4872288 1841569696
301 4698656 1846268352
302 4560544 1850828896
303 4825952 1855654848
304 4970112 1860624960
305 4591456 1865216416
306 5115360 1870331776
307 4708448 1875040224
308 4764512 1879804736
309 4774976 1884579712
310 5253920 1889833632
311 4860800 1894694432
312 4375392 1899069824
313 4578656 1903648480
314 4097696 1907746176
315 4589472 1912335648
316 4028096 1916363744
317 4585088 1920948832
318 4031200 1924980032
319 4556320 1929536352
320 4068608 1933604960
321 4577024 1938181984
322 4555296 1942737280
323 4704576 1947441856
324 4246624 1951688480
325 4844480 1956532960
326 4554688 1961087648
327 4682816 1965770464
328 4464288 1970234752
329 4635072 1974869824
330 4574048 1979443872
331 4640672 1984084544
332 4516672 1988601216
333 4794624 1993395840
334 4566304 1997962144
335 5117600 2003079744
336 4517504 2007597248
337 5294176 2012891424
338 4753984 2017645408
339 5118592 2022764000
340 4668480 2027432480
341 5000160 2032432640
342 4615552 2037048192
343 4866176 2041914368
344 4721472 2046635840
345 4921120 2051556960
346 4498848 2056055808
347 4798432 2060854240
348 4578912 2065433152
349 4764160 2070197312
350 4648192 2074845504
351 4625920 2079471424
352 4670784 2084142208
353 4380864 2088523072
354 4908480 2093431552
355 4530752 2097962304
356 4795392 2102757696
357 4662560 2107420256
358 4816448 2112236704
359 4588480 2116825184
360 4860896 2121686080
361 4553280 2126239360
362 4440672 2130680032
363 4484448 2135164480
364 4722144 2139886624
365 4595616 2144482240
366 4824608 2149306848
367 4799744 2154106592
368 4863840 2158970432
369 4937824 2163908256
370 5009312 2168917568
371 4482528 2173400096
372 4559552 2177959648
373 4686528 2182646176
374 4766624 2187412800
375 4574688 2191987488
376 4854656 2196842144
377 4504032 2201346176
378 4886976 2206233152
379 4488352 2210721504
380 4871648 2215593152
381 4580512 2220173664
382 4887008 2225060672
383 4521152 2229581824
384 4795360 2234377184
385 4499616 2238876800
386 4273760 2243150560
387 4545888 2247696448
388 4030144 2251726592
389 4652096 2256378688
390 4211776 2260590464
391 4668672 2265259136
392 4580544 2269839680
393 4861440 2274701120
394 4468064 2279169184
395 4693760 2283862944
396 4653088 2288516032
397 4669376 2293185408
398 4553088 2297738496
399 4435744 2302174240
400 4771392 2306945632
401 4982720 2311928352
402 4496320 2316424672
403 5159200 2321583872
404 4500704 2326084576
405 5416128 2331500704
406 4509600 2336010304
407 5207616 2341217920
408 4545824 2345763744
409 4812864 2350576608
410 4652352 2355228960
411 4872224 2360101184
412 4557344 2364658528
413 4859232 2369517760
414 4557504 2374075264
415 4302304 2378377568
416 4652576 2383030144
417 4562336 2387592480
418 4558848 2392151328
419 4348160 2396499488
420 4768160 2401267648
421 4559200 2405826848
422 4444064 2410270912
423 4674016 2414944928
424 4336960 2419281888
425 4453696 2423735584
426 4700160 2428435744
427 4827296 2433263040
428 4602144 2437865184
429 4807840 2442673024
430 4551872 2447224896
431 4544096 2451768992
432 4644896 2456413888
433 4412032 2460825920
434 5188864 2466014784
435 4542560 2470557344
436 5266272 2475823616
437 4592288 2480415904
438 4818880 2485234784
439 4592064 2489826848
440 4885888 2494712736
441 4761312 2499474048
442 4893088 2504367136
443 4458976 2508826112
444 4801952 2513628064
445 4528192 2518156256
446 4931904 2523088160
447 4584064 2527672224
448 4894048 2532566272
449 4468928 2537035200
450 4890528 2541925728
451 4480416 2546406144
452 4151936 2550558080
453 4620960 2555179040
454 4368768 2559547808
455 4535200 2564083008
456 3867424 2567950432
457 4663744 2572614176
458 4273600 2576887776
459 4629536 2581517312
460 3730560 2585247872
461 4676928 2589924800
462 4232512 2594157312
463 4665408 2598822720
464 4578752 2603401472
465 4688896 2608090368
466 4673184 2612763552
467 4727744 2617491296
468 4588672 2622079968
469 4634560 2626714528
470 4588640 2631303168
471 5226112 2636529280
472 4725600 2641254880
473 5017952 2646272832
474 4673408 2650946240
475 5144960 2656091200
476 4449696 2660540896
477 4878336 2665419232
478 4449792 2669869024
479 4791232 2674660256
480 4498368 2679158624
481 4773664 2683932288
482 4689440 2688621728
483 4774208 2693395936
484 4716352 2698112288
485 4596576 2702708864
486 4489440 2707198304
487 4507424 2711705728
488 4474784 2716180512
489 4952576 2721133088
490 4472768 2725605856
491 4710848 2730316704
492 4511808 2734828512
493 4858720 2739687232
494 4530016 2744217248
495 4642464 2748859712
496 4548256 2753407968
497 4721152 2758129120
498 4432416 2762561536
499 4508896 2767070432
500 4783424 2771853856
501 4648032 2776501888
502 4443552 2780945440
503 4648256 2785593696
504 4683264 2790276960
505 4524384 2794801344
506 4711488 2799512832
507 4596480 2804109312
508 4954656 2809063968
509 4752032 2813816000
510 4950464 2818766464
511 4562656 2823329120
512 5036896 2828366016
513 4594624 2832960640
514 4801952 2837762592
515 4534720 2842297312
516 4512544 2846809856
517 4630848 2851440704
518 4761120 2856201824
519 4543456 2860745280
520 4853184 2865598464
521 4517920 2870116384
522 4350528 2874466912
523 4499648 2878966560
524 4258112 2883224672
525 4667392 2887892064
526 4256032 2892148096
527 4526720 2896674816
528 4034976 2900709792
529 4690432 2905400224
530 4156032 2909556256
531 4656000 2914212256
532 4495488 2918707744
533 4677408 2923385152
534 4508064 2927893216
535 4607680 2932500896
536 4464256 2936965152
537 4647904 2941613056
538 4643552 2946256608
539 4753024 2951009632
540 4660320 2955669952
541 4975776 2960645728
542 4591200 2965236928
543 5020128 2970257056
544 4680256 2974937312
545 5209312 2980146624
546 4421600 2984568224
547 5306560 2989874784
548 4546368 2994421152
549 4617984 2999039136
550 4653344 3003692480
551 4643968 3008336448
552 4597312 3012933760
553 4859264 3017793024
554 4645312 3022438336
555 4958080 3027396416
556 4357696 3031754112
557 4714912 3036469024
558 4403552 3040872576
559 4258336 3045130912
560 4873728 3050004640
561 4651840 3054656480
562 4724160 3059380640
563 4461344 3063841984
564 4705152 3068547136
565 4579872 3073127008
566 4793024 3077920032
567 4598848 3082518880
568 4631072 3087149952
569 4614240 3091764192
570 4469280 3096233472
571 4680640 3100914112
572 5130560 3106044672
573 4591744 3110636416
574 5080640 3115717056
575 4554048 3120271104
576 5263520 3125534624
577 4611200 3130145824
578 4819296 3134965120
579 4596448 3139561568
580 4951072 3144512640
581 4555296 3149067936
582 5032256 3154100192
583 4548416 3158648608
584 5024416 3163673024
585 4592256 3168265280
586 4618144 3172883424
587 4650912 3177534336
588 4273440 3181807776
589 4531264 3186339040
590 4476320 3190815360
591 4690208 3195505568
592 4117024 3199622592
593 4699296 3204321888
594 4605952 3208927840
595 4667136 3213594976
596 4609056 3218204032
597 4612800 3222816832
598 4617696 3227434528
599 4649920 3232084448
600 4632832 3236717280
601 4378592 3241095872
602 4618848 3245714720
603 4576384 3250291104
604 4705056 3254996160
605 4853472 3259849632
606 4480000 3264329632
607 5018688 3269348320
608 4898624 3274246944
609 5067488 3279314432
610 4494080 3283808512
611 5129312 3288937824
612 4474272 3293412096
613 4907136 3298319232
614 4447904 3302767136
615 4887296 3307654432
616 4423424 3312077856
617 4972160 3317050016
618 4475424 3321525440
619 4495776 3326021216
620 4538656 3330559872
621 4760320 3335320192
622 4330848 3339651040
623 4884160 3344535200
624 4599776 3349134976
625 4897632 3354032608
626 4755008 3358787616
627 4785312 3363572928
628 4446080 3368019008
629 4819424 3372838432
630 4499616 3377338048
631 4401952 3381740000
632 4551072 3386291072
633 4660608 3390951680
634 4667232 3395618912
635 4643232 3400262144
636 4338784 3404600928
637 4720832 3409321760
638 4409344 3413731104
639 4574304 3418305408
640 4695360 3423000768
641 4544736 3427545504
642 4814112 3432359616
643 4963616 3437323232
644 4523776 3441847008
645 4400896 3446247904
646 4785952 3451033856
647 4608224 3455642080
648 4585824 3460227904
649 4679392 3464907296
650 4787136 3469694432
651 4494976 3474189408
652 4681728 3478871136
653 4545440 3483416576
654 4671392 3488087968
655 4559616 3492647584
656 4474496 3497122080
657 4138112 3501260192
658 4544160 3505804352
659 4501952 3510306304
660 4557216 3514863520
661 4886048 3519749568
662 4760960 3524510528
663 4902720 3529413248
664 4589312 3534002560
665 5216832 3539219392
666 4563200 3543782592
667 5223264 3549005856
668 4569216 3553575072
669 4848768 3558423840
670 4617792 3563041632
671 4897344 3567938976
672 4569920 3572508896
673 4217440 3576726336
674 4613440 3581339776
675 4677248 3586017024
676 4545920 3590562944
677 4643136 3595206080
678 4624672 3599830752
679 5067520 3604898272
680 4551392 3609449664
681 4033856 3613483520
682 4760064 3618243584
683 4576352 3622819936
684 4684832 3627504768
685 4224544 3631729312
686 4667136 3636396448
687 4351040 3640747488
688 4541984 3645289472
689 4537760 3649827232
690 4723456 3654550688
691 4715552 3659266240
692 4756288 3664022528
693 4925088 3668947616
694 5293280 3674240896
695 4831616 3679072512
696 4738752 3683811264
697 4920352 3688731616
698 4829120 3693560736
699 4724384 3698285120
700 4421888 3702707008
701 4536160 3707243168
702 4660160 3711903328
703 4723392 3716626720
704 4669696 3721296416
705 4630688 3725927104
706 4700032 3730627136
707 4593696 3735220832
708 4656192 3739877024
709 4423360 3744300384
710 4749984 3749050368
711 5182720 3754233088
712 4652960 3758886048
713 4804768 3763690816
714 4524576 3768215392
715 4972864 3773188256
716 4653856 3777842112
717 5054752 3782896864
718 4579680 3787476544
719 4557728 3792034272
720 4688352 3796722624
721 4591552 3801314176
722 4558176 3805872352
723 5075328 3810947680
724 4634176 3815581856
725 4483776 3820065632
726 4767552 3824833184
727 4422784 3829255968
728 4746976 3834002944
729 4493888 3838496832
730 4672640 3843169472
731 4839808 3848009280
732 4808704 3852817984
733 4610112 3857428096
734 4555104 3861983200
735 4590272 3866573472
736 4744288 3871317760
737 4563680 3875881440
738 5699168 3881580608
739 5470368 3887050976
740 4637664 3891688640
741 4306848 3895995488
742 4865184 3900860672
743 4650976 3905511648
744 4858336 3910369984
745 4527424 3914897408
746 4840256 3919737664
747 4449024 3924186688
748 4699296 3928885984
749 4429280 3933315264
750 4823584 3938138848
751 4710912 3942849760
752 4565280 3947415040
753 4646720 3952061760
754 4569536 3956631296
755 4631424 3961262720
756 4593632 3965856352
757 4538368 3970394720
758 4663552 3975058272
759 5032864 3980091136
760 4786432 3984877568
761 5031776 3989909344
762 4819232 3994728576
763 4512448 3999241024
764 4715616 4003956640
765 4639296 4008595936
766 4533408 4013129344
767 4847936 4017977280
768 4625952 4022603232
769 4317472 4026920704
770 4659136 4031579840
771 4522240 4036102080
772 4480928 4040583008
773 4884768 4045467776
774 4672000 4050139776
775 4768480 4054908256
776 4596480 4059504736
777 4524672 4064029408
778 4644576 4068673984
779 4302336 4072976320
780 4926656 4077902976
781 4107008 4082009984
782 4697760 4086707744
783 4509568 4091217312
784 4659008 4095876320
785 4445600 4100321920
786 4714560 4105036480
787 4454016 4109490496
788 4739872 4114230368
789 4573152 4118803520
790 4916576 4123720096
791 4644352 4128364448
792 4822560 4133187008
793 4493408 4137680416
794 4993984 4142674400
795 4652768 4147327168
796 4902528 4152229696
797 4790912 4157020608
798 5095808 4162116416
799 4749600 4166866016
800 4758624 4171624640
801 4705696 4176330336
802 4662592 4180992928
803 4784960 4185777888
804 4724864 4190502752
805 4861120 4195363872
806 4806080 4200169952
807 4445280 4204615232
808 4785376 4209400608
809 4561280 4213961888
810 4709568 4218671456
811 4566304 4223237760
812 4579136 4227816896
813 4684864 4232501760
814 4572384 4237074144
815 5244064 4242318208
816 4540032 4246858240
817 4583904 4251442144
818 4655328 4256097472
819 4919072 4261016544
820 4662304 4265678848
821 5013632 4270692480
822 4632512 4275324992
823 4487008 4279812000
824 4457056 4284269056
825 4432800 4288701856
826 4693728 4293395584
827 4481920 4297877504
828 4472928 4302350432
829 4912864 4307263296
830 4574048 4311837344
831 4669184 4316506528
832 4683808 4321190336
833 4714944 4325905280
834 4739776 4330645056
835 4460256 4335105312
836 4676032 4339781344
837 4227680 4344009024
838 4776352 4348785376
839 4119968 4352905344
840 4673728 4357579072
841 4076928 4361656000
842 4667872 4366323872
843 4481120 4370804992
844 4822176 4375627168
845 4838464 4380465632
846 4684192 4385149824
847 4421088 4389570912
848 4969440 4394540352
849 4447136 4398987488
850 5181344 4404168832
851 4443200 4408612032
852 5202880 4413814912
853 4453632 4418268544
854 5282784 4423551328
855 4797696 4428349024
856 4611392 4432960416
857 4393536 4437353952
858 4849120 4442203072
859 4509248 4446712320
860 4886624 4451598944
861 4601856 4456200800
862 4871680 4461072480
863 4628128 4465700608
864 4629408 4470330016
865 4780992 4475111008
866 4422112 4479533120
867 4647904 4484181024
868 4603648 4488784672
869 4648160 4493432832
870 4666784 4498099616
871 4638208 4502737824
872 4590656 4507328480
873 4484704 4511813184
874 4663936 4516477120
875 4514880 4520992000
876 4681664 4525673664
877 4481696 4530155360
878 4523456 4534678816
879 4597472 4539276288
880 4602752 4543879040
881 4927680 4548806720
882 4691424 4553498144
883 4704160 4558202304
884 4561888 4562764192
885 4713440 4567477632
886 4553024 4572030656
887 4389920 4576420576
888 4688416 4581108992
889 4809856 4585918848
890 4523296 4590442144
891 4941952 4595384096
892 4672288 4600056384
893 5023520 4605079904
894 4753728 4609833632
895 4616256 4614449888
896 4598112 4619048000
897 4630144 4623678144
898 4542688 4628220832
899 4806592 4633027424
900 4584736 4637612160
901 4758720 4642370880
902 4540288 4646911168
903 4698464 4651609632
904 5342720 4656952352
905 4708512 4661660864
906 5276768 4666937632
907 4607392 4671545024
908 5063072 4676608096
909 4788352 4681396448
910 4714912 4686111360
911 4599040 4690710400
912 4572704 4695283104
913 4602272 4699885376
914 4646304 4704531680
915 4615168 4709146848
916 4750976 4713897824
917 4622112 4718519936
918 4565952 4723085888
919 4614752 4727700640
920 4565248 4732265888
921 4734912 4737000800
922 4544704 4741545504
923 4624480 4746169984
924 4610752 4750780736
925 4718496 4755499232
926 4654176 4760153408
927 4252736 4764406144
928 4926368 4769332512
929 4584608 4773917120
930 4493760 4778410880
931 4646528 4783057408
932 4523648 4787581056
933 4348288 4791929344
934 4457792 4796387136
935 4715232 4801102368
936 4660736 4805763104
937 4272096 4810035200
938 4729856 4814765056
939 4555168 4819320224
940 4607104 4823927328
941 4631872 4828559200
942 4705600 4833264800
943 4449504 4837714304
944 4664416 4842378720
945 4632544 4847011264
946 4582624 4851593888
947 4619392 4856213280
948 4565568 4860778848
949 4327360 4865106208
950 4689376 4869795584
951 4848480 4874644064
952 4798752 4879442816
953 5182208 4884625024
954 4574144 4889199168
955 4754080 4893953248
956 4566624 4898519872
957 4355520 4902875392
958 4626656 4907502048
959 4601568 4912103616
960 4475200 4916578816
961 4198208 4920777024
962 4779744 4925556768
963 4535104 4930091872
964 4770176 4934862048
965 4744384 4939606432
966 4513536 4944119968
967 4448640 4948568608
968 4731296 4953299904
969 4520992 4957820896
970 4447616 4962268512
971 4318848 4966587360
972 4673184 4971260544
973 4534560 4975795104
974 4690688 4980485792
975 4644320 4985130112
976 4788320 4989918432
977 4626304 4994544736
978 4506080 4999050816
979 4492288 5003543104
980 4630048 5008173152
981 4241024 5012414176
982 4562624 5016976800
983 3881152 5020857952
984 4706464 5025564416
985 4406368 5029970784
986 4561504 5034532288
987 4435584 5038967872
988 4804192 5043772064
989 4468448 5048240512
990 4665088 5052905600
991 4672512 5057578112
992 5194976 5062773088
993 4403040 5067176128
994 5032960 5072209088
995 4444832 5076653920
996 5217152 5081871072
997 4394144 5086265216
998 4983712 5091248928
999 4383936 5095632864
1000 5320864 5100953728
1001 4764128 5105717856
1002 5304704 5111022560
1003 4554368 5115576928
1004 4654272 5120231200
1005 4376832 5124608032
1006 4866208 5129474240
1007 4529632 5134003872
1008 4526560 5138530432
1009 4401568 5142932000
1010 4816064 5147748064
1011 4468544 5152216608
1012 4560864 5156777472
1013 4403488 5161180960
1014 4664608 5165845568
1015 4704992 5170550560
1016 4949696 5175500256
1017 4687712 5180187968
1018 4601280 5184789248
1019 4399296 5189188544
1020 4484768 5193673312
1021 4599680 5198272992
1022 4492928 5202765920
1023 4611072 5207376992
1024 4610944 5211987936
1025 4751520 5216739456
1026 4768768 5221508224
1027 4524352 5226032576
1028 4675776 5230708352
1029 4543776 5235252128
1030 4695456 5239947584
1031 5579040 5245526624
1032 4828544 5250355168
1033 5181344 5255536512
1034 4692800 5260229312
1035 5399360 5265628672
1036 4735488 5270364160
1037 4717920 5275082080
1038 4673824 5279755904
1039 4183520 5283939424
1040 4662496 5288601920
1041 4436256 5293038176
1042 4685984 5297724160
1043 4531424 5302255584
1044 4679136 5306934720
1045 4507296 5311442016
1046 4536032 5315978048
1047 4602176 5320580224
1048 4690624 5325270848
1049 4665760 5329936608
1050 5138080 5335074688
1051 4617888 5339692576
1052 4763520 5344456096
1053 4534112 5348990208
1054 5078048 5354068256
1055 4773792 5358842048
1056 4986336 5363828384
1057 4478432 5368306816
1058 5197728 5373504544
1059 4560800 5378065344
1060 4964384 5383029728
1061 4508864 5387538592
1062 4917440 5392456032
1063 4644128 5397100160
1064 4648608 5401748768
1065 4700320 5406449088
1066 4851840 5411300928
1067 4477792 5415778720
1068 4601408 5420380128
1069 4628896 5425009024
1070 4591040 5429600064
1071 4779264 5434379328
1072 4606240 5438985568
1073 5166400 5444151968
1074 4659136 5448811104
1075 5096480 5453907584
1076 4611040 5458518624
1077 4585504 5463104128
1078 4491328 5467595456
1079 4712608 5472308064
1080 4529536 5476837600
1081 4405440 5481243040
1082 4743744 5485986784
1083 4800416 5490787200
1084 4498240 5495285440
1085 4892992 5500178432
1086 4493920 5504672352
1087 4430208 5509102560
1088 4690880 5513793440
1089 5052384 5518845824
1090 4512576 5523358400
1091 4772544 5528130944
1092 4506944 5532637888
1093 4711744 5537349632
1094 5150688 5542500320
1095 4751552 5547251872
1096 5309344 5552561216
1097 4685376 5557246592
1098 4821824 5562068416
1099 4590656 5566659072
1100 5084352 5571743424
1101 4552192 5576295616
1102 4572256 5580867872
1103 4407520 5585275392
1104 4624896 5589900288
1105 4729472 5594629760
1106 4450176 5599079936
1107 4795264 5603875200
1108 4630208 5608505408
1109 4773184 5613278592
1110 4742848 5618021440
1111 4536544 5622557984
1112 4495840 5627053824
1113 4642784 5631696608
1114 4656416 5636353024
1115 4932192 5641285216
1116 4574624 5645859840
1117 5132128 5650991968
1118 4740672 5655732640
1119 4570336 5660302976
1120 4665312 5664968288
1121 4838976 5669807264
1122 4540640 5674347904
1123 4453984 5678801888
1124 4459104 5683260992
1125 4588224 5687849216
1126 4548576 5692397792
1127 4520192 5696917984
1128 4488864 5701406848
1129 4844224 5706251072
1130 4770496 5711021568
1131 4321280 5715342848
1132 4572064 5719914912
1133 4814368 5724729280
1134 4731840 5729461120
1135 4727488 5734188608
1136 4595520 5738784128
1137 4644416 5743428544
1138 4698304 5748126848
1139 4707360 5752834208
1140 4859968 5757694176
1141 4488000 5762182176
1142 5439488 5767621664
1143 4352384 5771974048
1144 5213792 5777187840
1145 4552608 5781740448
1146 5003808 5786744256
1147 4640480 5791384736
1148 4640000 5796024736
1149 4612736 5800637472
1150 4666080 5805303552
1151 4580480 5809884032
1152 4884704 5814768736
1153 4586208 5819354944
1154 4887744 5824242688
1155 4649216 5828891904
1156 4476096 5833368000
1157 4815328 5838183328
1158 4537440 5842720768
1159 4469440 5847190208
1160 4657344 5851847552
1161 4537888 5856385440
1162 4592640 5860978080
1163 4381216 5865359296
1164 4613888 5869973184
1165 4328000 5874301184
1166 4923424 5879224608
1167 4630272 5883854880
1168 4622656 5888477536
1169 4589024 5893066560
1170 4618976 5897685536
1171 4675680 5902361216
1172 4611360 5906972576
1173 4825888 5911798464
1174 4550688 5916349152
1175 5266080 5921615232
1176 4534176 5926149408
1177 4787616 5930937024
1178 4793952 5935730976
1179 5003648 5940734624
1180 4949824 5945684448
1181 4718272 5950402720
1182 4808064 5955210784
1183 5094720 5960305504
1184 4574720 5964880224
1185 4619872 5969500096
1186 4465216 5973965312
1187 4614656 5978579968
1188 4726848 5983306816
1189 4788224 5988095040
1190 5423904 5993518944
1191 4654272 5998173216
1192 5213536 6003386752
1193 4554752 6007941504
1194 5086848 6013028352
1195 4725760 6017754112
1196 5059488 6022813600
1197 4792352 6027605952
1198 4512608 6032118560
1199 4861984 6036980544
1200 4580544 6041561088
1201 4836768 6046397856
1202 4588448 6050986304
1203 5270112 6056256416
1204 4639136 6060895552
1205 5511296 6066406848
1206 4611232 6071018080
1207 5030976 6076049056
1208 4802944 6080852000
1209 4407072 6085259072
1210 4530080 6089789152
1211 4315584 6094104736
1212 5072096 6099176832
1213 4786656 6103963488
1214 4574240 6108537728
1215 4852928 6113390656
1216 5298464 6118689120
1217 4888064 6123577184
1218 4850816 6128428000
1219 4903584 6133331584
1220 4853696 6138185280
1221 4798336 6142983616
1222 4911712 6147895328
1223 4765184 6152660512
1224 4915200 6157575712
1225 4633664 6162209376
1226 4952960 6167162336
1227 5277792 6172440128
1228 4596288 6177036416
1229 4973728 6182010144
1230 4764096 6186774240
1231 4740320 6191514560
1232 4695072 6196209632
1233 4429824 6200639456
1234 4627072 6205266528
1235 4467072 6209733600
1236 4713920 6214447520
1237 4907520 6219355040
1238 4831264 6224186304
1239 4888352 6229074656
1240 5376128 6234450784
1241 4571360 6239022144
1242 4736416 6243758560
1243 4771552 6248530112
1244 5028608 6253558720
1245 4590016 6258148736
1246 5238848 6263387584
1247 4864704 6268252288
1248 4801408 6273053696
1249 4526144 6277579840
1250 4982592 6282562432
1251 4598528 6287160960
1252 4861120 6292022080
1253 5272672 6297294752
1254 4784448 6302079200
1255 4840256 6306919456
1256 4702944 6311622400
1257 4958208 6316580608
1258 4627904 6321208512
1259 5019104 6326227616
1260 4558144 6330785760
1261 4819072 6335604832
1262 4531712 6340136544
1263 4527328 6344663872
1264 4612000 6349275872
1265 4655584 6353931456
1266 4547968 6358479424
1267 4605280 6363084704
1268 4670176 6367754880
1269 4592096 6372346976
1270 4659392 6377006368
1271 4613248 6381619616
1272 4928064 6386547680
1273 4586848 6391134528
1274 5290976 6396425504
1275 4660864 6401086368
1276 5246976 6406333344
1277 4579968 6410913312
1278 4787872 6415701184
1279 4488320 6420189504
1280 4769504 6424959008
1281 4503200 6429462208
1282 5104832 6434567040
1283 4879488 6439446528
1284 4857664 6444304192
1285 4471808 6448776000
1286 4545152 6453321152
1287 4397280 6457718432
1288 4638368 6462356800
1289 4864320 6467221120
1290 4525696 6471746816
1291 5086720 6476833536
1292 4786592 6481620128
1293 4939008 6486559136
1294 4445888 6491005024
1295 5132320 6496137344
1296 4550752 6500688096
1297 4803456 6505491552
1298 4865568 6510357120
1299 4558272 6514915392
1300 4760608 6519676000
1301 4304544 6523980544
1302 4746976 6528727520
1303 4303168 6533030688
1304 4468096 6537498784
1305 4677600 6542176384
1306 4609440 6546785824
1307 5122016 6551907840
1308 4552128 6556459968
1309 4494848 6560954816
1310 4803968 6565758784
1311 4860224 6570619008
1312 5050496 6575669504
1313 4556544 6580226048
1314 5140352 6585366400
1315 4544416 6589910816
1316 5301408 6595212224
1317 4974336 6600186560
1318 5009408 6605195968
1319 5043648 6610239616
1320 4708416 6614948032
1321 4976128 6619924160
1322 4816512 6624740672
1323 4644864 6629385536
1324 4540064 6633925600
1325 5244704 6639170304
1326 4626720 6643797024
1327 4713024 6648510048
1328 4756672 6653266720
1329 4776896 6658043616
1330 4577568 6662621184
1331 4841984 6667463168
1332 4546304 6672009472
1333 4805408 6676814880
1334 4586240 6681401120
1335 4828864 6686229984
1336 4552992 6690782976
1337 5062336 6695845312
1338 4875008 6700720320
1339 4683264 6705403584
1340 4948608 6710352192
1341 4577504 6714929696
1342 4489440 6719419136
1343 4364352 6723783488
1344 4443200 6728226688
1345 4360448 6732587136
1346 4851296 6737438432
1347 4711168 6742149600
1348 5116128 6747265728
1349 4949824 6752215552
1350 5014432 6757229984
1351 5104864 6762334848
1352 4680352 6767015200
1353 4860032 6771875232
1354 5081408 6776956640
1355 4612064 6781568704
1356 5012160 6786580864
1357 4986176 6791567040
1358 4639456 6796206496
1359 4399456 6800605952
1360 4678304 6805284256
1361 4501728 6809785984
1362 4714592 6814500576
1363 4729376 6819229952
1364 4610784 6823840736
1365 4454016 6828294752
1366 4770528 6833065280
1367 4376096 6837441376
1368 4698080 6842139456
1369 4931968 6847071424
1370 4467200 6851538624
1371 4756768 6856295392
1372 4663744 6860959136
1373 4962944 6865922080
1374 5014720 6870936800
1375 4928448 6875865248
1376 4476160 6880341408
1377 5027264 6885368672
1378 4583904 6889952576
1379 4308992 6894261568
1380 4808544 6899070112
1381 4631680 6903701792
1382 4613536 6908315328
1383 4683200 6912998528
1384 4488960 6917487488
1385 4814528 6922302016
1386 4772832 6927074848
1387 4706176 6931781024
1388 5050080 6936831104
1389 4665856 6941496960
1390 5005376 6946502336
1391 4756032 6951258368
1392 4930240 6956188608
1393 4822208 6961010816
1394 4708224 6965719040
1395 4620864 6970339904
1396 4882496 6975222400
1397 4523104 6979745504
1398 5079104 6984824608
1399 4524736 6989349344
1400 4902016 6994251360
1401 4661632 6998912992
1402 4468256 7003381248
1403 4639968 7008021216
1404 4604896 7012626112
1405 4744800 7017370912
1406 4648352 7022019264
1407 4686368 7026705632
1408 4587520 7031293152
1409 4857600 7036150752
1410 4656896 7040807648
1411 4722240 7045529888
1412 4542048 7050071936
1413 4373760 7054445696
1414 4650432 7059096128
1415 4524288 7063620416
1416 4701664 7068322080
1417 5086272 7073408352
1418 4536224 7077944576
1419 4883328 7082827904
1420 4617952 7087445856
1421 4833792 7092279648
1422 4466208 7096745856
1423 4990592 7101736448
1424 4466560 7106203008
1425 4509184 7110712192
1426 4616896 7115329088
1427 4809600 7120138688
1428 4666336 7124805024
1429 4510656 7129315680
1430 4852992 7134168672
1431 4757056 7138925728
1432 4637760 7143563488
1433 4682944 7148246432
1434 4805792 7153052224
1435 4240192 7157292416
1436 4683328 7161975744
1437 4419296 7166395040
1438 4569728 7170964768
1439 4564896 7175529664
1440 4486144 7180015808
1441 4695232 7184711040
1442 4550976 7189262016
1443 4718464 7193980480
1444 4687744 7198668224
1445 4705024 7203373248
1446 5111360 7208484608
1447 4643200 7213127808
1448 5060032 7218187840
1449 4752032 7222939872
1450 4980320 7227920192
1451 4832128 7232752320
1452 4684864 7237437184
1453 4631808 7242068992
1454 4964672 7247033664
1455 4537120 7251570784
1456 4626432 7256197216
1457 4824416 7261021632
1458 4575104 7265596736
1459 4681792 7270278528
1460 4596256 7274874784
1461 4363584 7279238368
1462 4798080 7284036448
1463 4934400 7288970848
1464 4886368 7293857216
1465 4575040 7298432256
1466 4843328 7303275584
1467 4705504 7307981088
1468 4917344 7312898432
1469 4799232 7317697664
1470 4821632 7322519296
1471 5263040 7327782336
1472 4557664 7332340000
1473 4929376 7337269376
1474 4558272 7341827648
1475 5115744 7346943392
1476 4640576 7351583968
1477 5178784 7356762752
1478 4557792 7361320544
1479 4283520 7365604064
1480 5011520 7370615584
1481 5006400 7375621984
1482 4656928 7380278912
1483 4928352 7385207264
1484 5142976 7390350240
1485 4567584 7394917824
1486 5160224 7400078048
1487 4448160 7404526208
1488 4870752 7409396960
1489 4719424 7414116384
1490 4851232 7418967616
1491 4501056 7423468672
1492 4702688 7428171360
1493 4833216 7433004576
1494 4520928 7437525504
1495 4718016 7442243520
1496 4643744 7446887264
1497 4829760 7451717024
1498 4616896 7456333920
1499 4785408 7461119328
1500 4634176 7465753504
1501 4691008 7470444512
1502 4679904 7475124416
1503 4616224 7479740640
1504 4579392 7484320032
1505 5170240 7489490272
1506 4747104 7494237376
1507 4911488 7499148864
1508 4606784 7503755648
1509 4851360 7508607008
1510 4545344 7513152352
1511 4576960 7517729312
1512 4482272 7522211584
1513 4993728 7527205312
1514 4562432 7531767744
1515 4489568 7536257312
1516 4720096 7540977408
1517 4779872 7545757280
1518 4632672 7550389952
1519 4188096 7554578048
1520 4654240 7559232288
1521 4427776 7563660064
1522 4600224 7568260288
1523 4191200 7572451488
1524 4638880 7577090368
1525 4925632 7582016000
1526 4537632 7586553632
1527 4609408 7591163040
1528 4619744 7595782784
1529 4798272 7600581056
1530 5217984 7605799040
1531 4599200 7610398240
1532 5131584 7615529824
1533 4745056 7620274880
1534 4865088 7625139968
1535 4542240 7629682208
1536 4497664 7634179872
1537 4719680 7638899552
1538 5015136 7643914688
1539 4624032 7648538720
1540 4836736 7653375456
1541 4734336 7658109792
1542 4665664 7662775456
1543 4568128 7667343584
1544 4385216 7671728800
1545 4413632 7676142432
1546 4534464 7680676896
1547 4571648 7685248544
1548 4741280 7689989824
1549 4286272 7694276096
1550 4720768 7698996864