0 1062061440 1062061440
1 32230464 1094291904
2 31637088 1125928992
3 32231168 1158160160
4 32322976 1190483136
5 32701824 1223184960
6 33357568 1256542528
7 33672160 1290214688
8 34059008 1324273696
9 32552320 1356826016
10 33134304 1389960320
11 33074080 1423034400
12 33610464 1456644864
13 34297600 1490942464
14 31912928 1522855392
15 32857888 1555713280
16 31917184 1587630464
17 30810976 1618441440
18 32964064 1651405504
19 31211968 1682617472
20 30574560 1713192032
21 31678464 1744870496
22 30410592 1775281088
23 30748960 1806030048
24 29419584 1835449632
25 30010592 1865460224
26 31198272 1896658496
27 31433408 1928091904
28 29925344 1958017248
29 29162912 1987180160
30 29085312 2016265472
31 30404736 2046670208
32 30278848 2076949056
33 30840320 2107789376
34 31257344 2139046720
35 29575840 2168622560
36 30281024 2198903584
37 29594240 2228497824
38 28651648 2257149472
39 31316064 2288465536
40 30829344 2319294880
41 29825216 2349120096
42 29609088 2378729184
43 32053664 2410782848
44 31363648 2442146496
45 42466336 2484612832
46 36384288 2520997120
47 34701600 2555698720
48 34956256 2590654976
49 35390304 2626045280
50 40437792 2666483072
51 41060096 2707543168
52 35284128 2742827296
53 35074688 2777901984
54 35820960 2813722944
55 36622560 2850345504
56 37961792 2888307296
57 37890496 2926197792
58 38960384 2965158176
59 39773216 3004931392
60 38172896 3043104288
61 38403776 3081508064
62 37998528 3119506592
63 37794880 3157301472
64 39532480 3196833952
65 38067616 3234901568
66 38553696 3273455264
67 37693216 3311148480
68 36915552 3348064032
69 34691136 3382755168
70 36402464 3419157632
71 36148608 3455306240
72 40558624 3495864864
73 39411104 3535275968
74 40659904 3575935872
75 40356416 3616292288
76 38772352 3655064640
77 38446560 3693511200
78 39873248 3733384448
79 38698912 3772083360
80 42291232 3814374592
81 43069920 3857444512
82 41960512 3899405024
83 41010912 3940415936
84 42014784 3982430720
85 42141568 4024572288
86 42246336 4066818624
87 39938848 4106757472
88 41137632 4147895104
89 41967232 4189862336
90 39966272 4229828608
91 40211616 4270040224
92 41316128 4311356352
93 43229408 4354585760
94 42622528 4397208288
95 43462528 4440670816
96 42739616 4483410432
97 41720416 4525130848
98 41540896 4566671744
99 40460224 4607131968
100 39508448 4646640416
101 39423392 4686063808
102 40517216 4726581024
103 41158592 4767739616
104 42374144 4810113760
105 41946080 4852059840
106 41273088 4893332928
107 40315168 4933648096
108 40602880 4974250976
109 43427392 5017678368
110 41332960 5059011328
111 40976768 5099988096
112 45535584 5145523680
113 47631136 5193154816
114 41434880 5234589696
115 41698048 5276287744
116 40622656 5316910400
117 41791264 5358701664
118 42757952 5401459616
119 42216096 5443675712
120 42057600 5485733312
121 42024064 5527757376
122 42521408 5570278784
123 42630272 5612909056
124 41732448 5654641504
125 42473408 5697114912
126 41714240 5738829152
127 42138656 5780967808
128 42575072 5823542880
129 46005184 5869548064
130 43350176 5912898240
131 41954528 5954852768
132 41882720 5996735488
133 41323456 6038058944
134 44374400 6082433344
135 41886368 6124319712
136 41461920 6165781632
137 40995808 6206777440
138 41756352 6248533792
139 41463136 6289996928
140 42659424 6332656352
141 42940544 6375596896
142 42269344 6417866240
143 42318048 6460184288
144 42620032 6502804320
145 41748512 6544552832
146 42359872 6586912704
147 43251424 6630164128
148 43511936 6673676064
149 41176352 6714852416
150 42554880 6757407296
151 40839456 6798246752
152 42478240 6840724992
153 43220800 6883945792
154 41609792 6925555584
155 42225376 6967780960
156 42308928 7010089888
157 43943168 7054033056
158 40761472 7094794528
159 41262944 7136057472
160 44906688 7180964160
161 42928224 7223892384
162 42079744 7265972128
163 41407360 7307379488
164 43423264 7350802752
165 43419424 7394222176
166 44014080 7438236256
167 42547808 7480784064
168 41583456 7522367520
169 45945728 7568313248
170 43257216 7611570464
171 42449088 7654019552
172 43335968 7697355520
173 44225312 7741580832
174 42947104 7784527936
175 43248928 7827776864
176 43602816 7871379680
177 43557312 7914936992
178 41871232 7956808224
179 43199136 8000007360
180 42129184 8042136544
181 43189184 8085325728
182 43554688 8128880416
183 42274560 8171154976
184 42506752 8213661728
185 42060416 8255722144
186 41874784 8297596928
187 42145408 8339742336
188 42296608 8382038944
189 42700896 8424739840
190 42037824 8466777664
191 42432960 8509210624
192 44000000 8553210624
193 43909888 8597120512
194 42521792 8639642304
195 42942112 8682584416
196 41955616 8724540032
197 41779968 8766320000
198 41377216 8807697216
199 43055904 8850753120
200 43597184 8894350304
201 42274944 8936625248
202 42012928 8978638176
203 41768736 9020406912
204 42478144 9062885056
205 43578272 9106463328
206 42016224 9148479552
207 41174272 9189653824
208 42792032 9232445856
209 41738016 9274183872
210 42417920 9316601792
211 42336928 9358938720
212 42608320 9401547040
213 42868416 9444415456
214 41615008 9486030464
215 42821504 9528851968
216 41900256 9570752224
217 44388288 9615140512
218 42693440 9657833952
219 42216960 9700050912
220 41669568 9741720480
221 41179520 9782900000
222 42636032 9825536032
223 42241024 9867777056
224 44688832 9912465888
225 43053120 9955519008
226 42124736 9997643744
227 43764736 10041408480
228 42115264 10083523744
229 45111968 10128635712
230 42286016 10170921728
231 42515008 10213436736
232 43187200 10256623936
233 42736352 10299360288
234 42620608 10341980896
235 43684832 10385665728
236 42420800 10428086528
237 41667200 10469753728
238 42046848 10511800576
239 41999488 10553800064
240 43500736 10597300800
241 42436352 10639737152
242 44300352 10684037504
243 42700544 10726738048
244 41175968 10767914016
245 42543584 10810457600
246 42495584 10852953184
247 41539552 10894492736
248 44660992 10939153728
249 41444864 10980598592
250 43687680 11024286272
251 42572448 11066858720
252 43120288 11109979008
253 41195168 11151174176
254 41395680 11192569856
255 41419328 11233989184
256 40892064 11274881248
257 42225216 11317106464
258 41745152 11358851616
259 43477984 11402329600
260 42596800 11444926400
261 41873600 11486800000
262 41207424 11528007424
263 42038912 11570046336
264 41529664 11611576000
265 43359424 11654935424
266 42417632 11697353056
267 42075872 11739428928
268 41762464 11781191392
269 41382304 11822573696
270 42277152 11864850848
271 41953472 11906804320
272 43794944 11950599264
273 41426272 11992025536
274 42210464 12034236000
275 42275520 12076511520
276 41605952 12118117472
277 43255648 12161373120
278 42162048 12203535168
279 41268768 12244803936
280 41675488 12286479424
281 41043968 12327523392
282 41550304 12369073696
283 43232704 12412306400
284 43318752 12455625152
285 42178592 12497803744
286 46398496 12544202240
287 42539424 12586741664
288 42059232 12628800896
289 42749216 12671550112
290 41928736 12713478848
291 42324320 12755803168
292 41292448 12797095616
293 42046432 12839142048
294 43255328 12882397376
295 42798880 12925196256
296 41356544 12966552800
297 43053728 13009606528
298 41133728 13050740256
299 42408160 13093148416
300 42281184 13135429600
301 41942720 13177372320
302 42520192 13219892512
303 41728960 13261621472
304 42756992 13304378464
305 41229952 13345608416
306 42902656 13388511072
307 43772544 13432283616
308 43949248 13476232864
309 41260000 13517492864
310 43383712 13560876576
311 43127616 13604004192
312 43585856 13647590048
313 41784768 13689374816
314 40914240 13730289056
315 42614688 13772903744
316 42374784 13815278528
317 41726272 13857004800
318 41977952 13898982752
319 41952384 13940935136
320 44456672 13985391808
321 42271424 14027663232
322 41665024 14069328256
323 42006432 14111334688
324 41298112 14152632800
325 41814080 14194446880
326 42014208 14236461088
327 44338144 14280799232
328 42248128 14323047360
329 43068384 14366115744
330 42305312 14408421056
331 41896416 14450317472
332 41306144 14491623616
333 43250144 14534873760
334 41472544 14576346304
335 43178016 14619524320
336 44548128 14664072448
337 42249248 14706321696
338 41501792 14747823488
339 40957408 14788780896
340 43008544 14831789440
341 42612128 14874401568
342 42622336 14917023904
343 41970656 14958994560
344 45429856 15004424416
345 42964576 15047388992
346 43092800 15090481792
347 44519232 15135001024
348 41821088 15176822112
349 41565248 15218387360
350 44269632 15262656992
351 42356416 15305013408
352 43540096 15348553504
353 42401824 15390955328
354 41944896 15432900224
355 42597856 15475498080
356 40975872 15516473952
357 42143936 15558617888
358 41476544 15600094432
359 41618496 15641712928
360 42654304 15684367232
361 41912256 15726279488
362 41847584 15768127072
363 41673024 15809800096
364 42891520 15852691616
365 43157472 15895849088
366 43164864 15939013952
367 41219232 15980233184
368 40968992 16021202176
369 43057504 16064259680
370 41895392 16106155072
371 42972992 16149128064
372 42615424 16191743488
373 41885248 16233628736
374 41543360 16275172096
375 42547680 16317719776
376 44179168 16361898944
377 42563360 16404462304
378 42077344 16446539648
379 42237216 16488776864
380 43183872 16531960736
381 41953664 16573914400
382 41514528 16615428928
383 41819968 16657248896
384 42061088 16699309984
385 41840832 16741150816
386 41670432 16782821248
387 42351776 16825173024
388 40756128 16865929152
389 42682240 16908611392
390 44251776 16952863168
391 41861440 16994724608
392 42133312 17036857920
393 41626304 17078484224
394 41131264 17119615488
395 42639712 17162255200
396 41806176 17204061376
397 42258944 17246320320
398 42115040 17288435360
399 43722624 17332157984
400 42433152 17374591136
401 42019424 17416610560
402 45211872 17461822432
403 47099584 17508922016
404 41335744 17550257760
405 42418400 17592676160
406 41057408 17633733568
407 42262144 17675995712
408 42021984 17718017696
409 42513120 17760530816
410 42699552 17803230368
411 42153920 17845384288
412 41462560 17886846848
413 44194656 17931041504
414 41198272 17972239776
415 42440032 18014679808
416 41237664 18055917472
417 42021376 18097938848
418 42112512 18140051360
419 41728128 18181779488
420 43403040 18225182528
421 41572704 18266755232
422 42623904 18309379136
423 42935776 18352314912
424 41358592 18393673504
425 43498816 18437172320
426 42267520 18479439840
427 43019264 18522459104
428 41314112 18563773216
429 42654368 18606427584
430 42279776 18648707360
431 43090208 18691797568
432 43296128 18735093696
433 41376480 18776470176
434 42873344 18819343520
435 43844608 18863188128
436 41654112 18904842240
437 41382656 18946224896
438 42229216 18988454112
439 41293664 19029747776
440 42766560 19072514336
441 42186560 19114700896
442 42486080 19157186976
443 41384224 19198571200
444 41837280 19240408480
445 42082304 19282490784
446 42224640 19324715424
447 44794848 19369510272
448 43076160 19412586432
449 42107360 19454693792
450 42452544 19497146336
451 42889280 19540035616
452 42217632 19582253248
453 41685376 19623938624
454 42117184 19666055808
455 44214976 19710270784
456 42062272 19752333056
457 44244768 19796577824
458 42795712 19839373536
459 43964896 19883338432
460 45288032 19928626464
461 45474816 19974101280
462 43451808 20017553088
463 45026656 20062579744
464 42240160 20104819904
465 41964896 20146784800
466 41700448 20188485248
467 43856384 20232341632
468 42657728 20274999360
469 42943648 20317943008
470 43001472 20360944480
471 42950752 20403895232
472 41335712 20445230944
473 42775168 20488006112
474 43311168 20531317280
475 42361248 20573678528
476 42012512 20615691040
477 43351968 20659043008
478 41827264 20700870272
479 42001664 20742871936
480 42892128 20785764064
481 41305184 20827069248
482 42555680 20869624928
483 41540992 20911165920
484 42664640 20953830560