0 1085898912 1085898912
1 33736960 1119635872
2 32027648 1151663520
3 33383456 1185046976
4 31793088 1216840064
5 32814080 1249654144
6 34295552 1283949696
7 34155168 1318104864
8 33872576 1351977440
9 33528256 1385505696
10 31722240 1417227936
11 32345312 1449573248
12 30960128 1480533376
13 28787552 1509320928
14 30173088 1539494016
15 38097504 1577591520
16 37178784 1614770304
17 38146144 1652916448
18 43022176 1695938624
19 39371840 1735310464
20 39674144 1774984608
21 40642208 1815626816
22 39727424 1855354240
23 40597312 1895951552
24 42883168 1938834720
25 44719584 1983554304
26 43507040 2027061344
27 42919360 2069980704
28 42543648 2112524352
29 42365280 2154889632
30 40557920 2195447552
31 40021216 2235468768
32 32833056 2268301824
33 33738880 2302040704
34 33143520 2335184224
35 33270176 2368454400
36 33151968 2401606368
37 35747200 2437353568
38 38933152 2476286720
39 38400160 2514686880
40 42662432 2557349312
41 41430880 2598780192
42 35648320 2634428512
43 32491712 2666920224
44 34642912 2701563136
45 33937152 2735500288
46 34909344 2770409632
47 38086592 2808496224
48 38114208 2846610432
49 40356992 2886967424
50 38950016 2925917440
51 38800800 2964718240
52 39383296 3004101536
53 41498176 3045599712
54 41901024 3087500736
55 43202528 3130703264
56 41686912 3172390176
57 41924736 3214314912
58 41966176 3256281088
59 42015264 3298296352
60 41264224 3339560576
61 43105472 3382666048
62 41511360 3424177408
63 41144736 3465322144
64 43651840 3508973984
65 42156224 3551130208
66 44118816 3595249024
67 42398912 3637647936
68 41589504 3679237440
69 40693728 3719931168
70 83746272 3803677440
71 44733792 3848411232
72 43581312 3891992544
73 42281312 3934273856
74 42041504 3976315360
75 42771392 4019086752
76 42137312 4061224064
77 41712480 4102936544
78 43392448 4146328992
79 42342656 4188671648
80 42243424 4230915072
81 42937152 4273852224
82 42479840 4316332064
83 41715680 4358047744
84 41746048 4399793792
85 41287264 4441081056
86 40394976 4481476032
87 44043360 4525519392
88 41033472 4566552864
89 41924608 4608477472
90 42340736 4650818208
91 41462528 4692280736
92 42209696 4734490432
93 43278752 4777769184
94 42751168 4820520352
95 43417216 4863937568
96 41830400 4905767968
97 43609216 4949377184
98 41923520 4991300704
99 45062592 5036363296
100 43720128 5080083424
101 42515264 5122598688
102 41827392 5164426080
103 41112128 5205538208
104 43048384 5248586592
105 42080736 5290667328
106 43733760 5334401088
107 43685280 5378086368
108 43195200 5421281568
109 42265120 5463546688
110 42712768 5506259456
111 43028896 5549288352
112 43642336 5592930688
113 43010688 5635941376
114 42149728 5678091104
115 43554592 5721645696
116 42144384 5763790080
117 42225184 5806015264
118 42297152 5848312416
119 44382176 5892694592
120 41781152 5934475744
121 41332256 5975808000
122 42333152 6018141152
123 43341536 6061482688
124 43725376 6105208064
125 44417920 6149625984
126 43129184 6192755168
127 42337536 6235092704
128 42791936 6277884640
129 43356032 6321240672
130 41949344 6363190016
131 42618080 6405808096
132 42191872 6447999968
133 43861248 6491861216
134 42217280 6534078496
135 42103648 6576182144
136 43811424 6619993568
137 43048448 6663042016
138 43169664 6706211680
139 41341824 6747553504
140 41632800 6789186304
141 42675424 6831861728
142 43241920 6875103648
143 43303136 6918406784
144 41121760 6959528544
145 44742176 7004270720
146 40544576 7044815296
147 43233984 7088049280
148 43041216 7131090496
149 41666176 7172756672
150 42054784 7214811456
151 41747520 7256558976
152 41548320 7298107296
153 42093312 7340200608
154 43754304 7383954912
155 42813536 7426768448
156 41605024 7468373472
157 44888224 7513261696
158 43062432 7556324128
159 40791008 7597115136
160 43154144 7640269280
161 41394112 7681663392
162 42155296 7723818688
163 42363296 7766181984
164 43554816 7809736800
165 43762240 7853499040
166 43542720 7897041760
167 43109184 7940150944
168 43209088 7983360032
169 42579744 8025939776
170 42408288 8068348064
171 42610496 8110958560
172 45305184 8156263744
173 42834720 8199098464
174 43168544 8242267008
175 41668352 8283935360
176 42697504 8326632864
177 46222560 8372855424
178 42916416 8415771840
179 41141856 8456913696
180 41999424 8498913120
181 43306432 8542219552
182 43195232 8585414784
183 43470912 8628885696
184 43095648 8671981344
185 43892992 8715874336
186 41282496 8757156832
187 42406304 8799563136
188 43317536 8842880672
189 44038240 8886918912
190 44733120 8931652032
191 42445888 8974097920
192 42503424 9016601344
193 43206400 9059807744
194 42659840 9102467584
195 44062176 9146529760
196 42668160 9189197920
197 42687936 9231885856
198 42056896 9273942752
199 42437632 9316380384
200 42952096 9359332480
201 42440672 9401773152
202 42714496 9444487648
203 42819808 9487307456
204 43178624 9530486080
205 42867808 9573353888
206 41526912 9614880800
207 41118496 9655999296
208 43551776 9699551072
209 42142592 9741693664
210 42560576 9784254240
211 41659200 9825913440
212 42505024 9868418464
213 41955520 9910373984
214 41356640 9951730624
215 42056480 9993787104
216 43414368 10037201472
217 42553536 10079755008
218 41354880 10121109888
219 42784608 10163894496
220 41330880 10205225376
221 43443296 10248668672
222 42891968 10291560640
223 44436672 10335997312
224 42219296 10378216608
225 44742592 10422959200
226 42057184 10465016384
227 44369440 10509385824
228 42619328 10552005152
229 40805472 10592810624
230 42503872 10635314496
231 42262016 10677576512
232 43779488 10721356000
233 41409376 10762765376
234 43077792 10805843168
235 42677632 10848520800
236 42000352 10890521152
237 43758016 10934279168
238 42903392 10977182560
239 42163360 11019345920
240 42235232 11061581152
241 42632736 11104213888
242 41730176 11145944064
243 43114464 11189058528
244 41263040 11230321568
245 43518080 11273839648
246 42362944 11316202592
247 43775424 11359978016
248 42335872 11402313888
249 45936544 11448250432
250 43912224 11492162656
251 42747392 11534910048
252 43331936 11578241984
253 43516576 11621758560
254 41455904 11663214464
255 42829760 11706044224
256 42964128 11749008352
257 41342912 11790351264
258 43278400 11833629664
259 42335200 11875964864
260 44229120 11920193984
261 43825504 11964019488
262 43302016 12007321504
263 41086240 12048407744
264 43591680 12091999424
265 43103360 12135102784
266 42066496 12177169280
267 41842464 12219011744
268 41012864 12260024608
269 42866560 12302891168
270 40931648 12343822816
271 42095008 12385917824
272 44232672 12430150496
273 46311072 12476461568
274 42980096 12519441664
275 41573056 12561014720
276 43015712 12604030432
277 42144608 12646175040
278 43697056 12689872096
279 44816512 12734688608
280 43784032 12778472640
281 41323072 12819795712
282 43238720 12863034432
283 42151584 12905186016
284 42097344 12947283360
285 42292320 12989575680
286 44670112 13034245792
287 42969408 13077215200
288 41349824 13118565024
289 42741344 13161306368
290 41827200 13203133568
291 41321632 13244455200
292 42838464 13287293664
293 43322720 13330616384
294 43715264 13374331648
295 43324448 13417656096
296 40298336 13457954432
297 42853472 13500807904
298 41072512 13541880416
299 42246272 13584126688
300 42061696 13626188384
301 41923488 13668111872
302 42433792 13710545664
303 42407168 13752952832
304 42266080 13795218912
305 43384608 13838603520
306 41339488 13879943008
307 42439520 13922382528
308 42647776 13965030304
309 41673888 14006704192
310 43601664 14050305856
311 42235808 14092541664
312 41589376 14134131040
313 43148032 14177279072
314 40756032 14218035104
315 41187520 14259222624
316 43752256 14302974880
317 43502080 14346476960
318 43207936 14389684896
319 44675104 14434360000
320 42367648 14476727648
321 42073920 14518801568
322 43991008 14562792576
323 43067168 14605859744
324 42502880 14648362624
325 41555040 14689917664
326 42716544 14732634208
327 42931168 14775565376
328 41974432 14817539808
329 41655904 14859195712
330 43304608 14902500320
331 44136576 14946636896
332 41150144 14987787040
333 43086944 15030873984
334 41675040 15072549024
335 42212064 15114761088
336 42861280 15157622368
337 44401536 15202023904
338 42691776 15244715680
339 41664096 15286379776
340 44577856 15330957632
341 42777408 15373735040
342 42958272 15416693312
343 43331296 15460024608
344 43634976 15503659584
345 43387456 15547047040
346 42414304 15589461344
347 44584800 15634046144
348 41667712 15675713856
349 42849248 15718563104
350 41042944 15759606048
351 41730784 15801336832
352 42861568 15844198400
353 41770944 15885969344
354 43396544 15929365888
355 43429184 15972795072
356 41185696 16013980768
357 42925088 16056905856
358 41124320 16098030176
359 43860832 16141891008
360 42280672 16184171680
361 40982400 16225154080
362 42804160 16267958240
363 41933952 16309892192
364 40619264 16350511456
365 41468768 16391980224
366 41587584 16433567808
367 41995936 16475563744
368 42782784 16518346528
369 40595328 16558941856
370 43832288 16602774144
371 43318112 16646092256
372 43153568 16689245824
373 42516384 16731762208
374 40715168 16772477376
375 42779424 16815256800
376 42624704 16857881504
377 43557440 16901438944
378 43210240 16944649184
379 42588128 16987237312
380 42772960 17030010272
381 42736800 17072747072
382 42118752 17114865824
383 41625664 17156491488
384 41285888 17197777376
385 41719456 17239496832
386 41831456 17281328288
387 42967936 17324296224
388 40979936 17365276160
389 45704224 17410980384
390 43594560 17454574944
391 41532064 17496107008
392 42733792 17538840800
393 41005504 17579846304
394 42973376 17622819680
395 42645344 17665465024
396 42883104 17708348128
397 43165504 17751513632
398 45446848 17796960480
399 41049312 17838009792
400 44935456 17882945248
401 43079616 17926024864
402 43226240 17969251104
403 42235712 18011486816
404 43862496 18055349312
405 43426848 18098776160
406 42815072 18141591232
407 41802368 18183393600
408 44251680 18227645280
409 42657824 18270303104
410 43255424 18313558528
411 41626880 18355185408
412 42371616 18397557024
413 43290592 18440847616
414 42929888 18483777504
415 43341760 18527119264
416 44198336 18571317600
417 41858880 18613176480
418 43185952 18656362432
419 41041088 18697403520
420 43621920 18741025440
421 41969920 18782995360
422 43053824 18826049184
423 41810144 18867859328
424 42128736 18909988064
425 44490400 18954478464
426 46717120 19001195584
427 41585408 19042780992
428 43377568 19086158560
429 42238816 19128397376
430 42263328 19170660704
431 41905632 19212566336
432 43468800 19256035136
433 40927392 19296962528
434 41992864 19338955392
435 41156512 19380111904
436 40781088 19420892992
437 41384032 19462277024
438 40853888 19503130912
439 41706464 19544837376
440 43104928 19587942304
441 42437504 19630379808
442 42293408 19672673216
443 43390208 19716063424
444 41740640 19757804064
445 42821248 19800625312
446 46125952 19846751264
447 42814272 19889565536
448 42818656 19932384192
449 42569184 19974953376
450 41479008 20016432384
451 42038304 20058470688
452 41825728 20100296416
453 41996128 20142292544
454 41885728 20184178272
455 42658144 20226836416
456 43871584 20270708000
457 41811968 20312519968
458 40849920 20353369888
459 45068928 20398438816
460 43683488 20442122304
461 44800608 20486922912
462 42442912 20529365824
463 43709760 20573075584
464 41797376 20614872960
465 42646432 20657519392
466 42732768 20700252160
467 43346144 20743598304
468 42602368 20786200672
469 41158112 20827358784
470 41194944 20868553728
471 43246176 20911799904
472 43324640 20955124544
473 41542592 20996667136
474 42632320 21039299456
475 42130304 21081429760
476 41445632 21122875392
477 43381088 21166256480
478 43192672 21209449152
479 45400896 21254850048
480 43356416 21298206464
481 43956192 21342162656
482 41867936 21384030592
483 42338976 21426369568
484 41592800 21467962368
485 43623840 21511586208
486 42482144 21554068352
487 43227328 21597295680